579
1109 10
38329 61713 14698 83089 74628 25962 65141 78813 70282 29735 
9367 15
19891 65640 55924 94991 69960 31744 23025 49525 36361 82428 43507 32324 10106 90301 49908 
9829 19
70861 51779 47315 11205 1070 67231 32779 97558 21391 47730 3990 75869 20136 77453 64120 88487 86822 83501 56041 
1737 18
7610 28258 74518 96574 39513 10209 63090 18610 75169 35667 1912 41108 38352 24216 7055 75599 75184 11483 
2994 17
48952 43842 92873 95636 1889 61227 50273 28101 42543 10665 89280 18592 92299 79064 63097 8702 30713 
322 14
47789 96607 98762 24630 11553 6746 72500 65870 52127 26229 22915 41345 86071 37233 
4330 11
52496 6287 87042 97836 80442 2290 60050 96206 72368 71274 96715 
4194 13
19288 7184 23520 21300 54420 66263 77193 56177 53815 73906 13128 16943 40861 
1668 19
77181 54122 17657 77215 21420 97548 71723 40392 46296 45921 67446 88494 58743 55783 24030 36335 9362 44718 80410 
1476 17
62389 19419 97715 1961 97603 71712 67690 75901 86219 81097 96318 80283 72019 57158 67602 36162 47921 
3876 17
35264 8714 68830 32338 41615 74294 61376 80512 96222 60734 39322 82329 39365 48541 30773 83254 61517 
6025 18
22120 32999 57798 79770 60996 7756 73040 55115 59016 95640 22909 30227 83520 10318 69963 51664 6027 15234 
4251 12
93029 60970 41937 49793 7613 80598 61616 15036 80130 16994 95377 46481 
3742 19
43408 53473 45008 10046 27890 90056 70768 12235 38515 39609 24138 40542 38617 93305 19787 57230 34927 98741 22010 
4705 16
27498 46654 58350 28939 15961 29112 66365 95102 24661 33664 26982 71928 92431 19051 9691 37941 
8180 13
98201 50585 65147 75155 2533 9612 52039 54818 78188 41992 28946 61325 95481 
3229 15
74019 65445 96380 76434 9100 35511 10429 45081 43248 60149 14939 25510 43290 45433 99601 
6517 13
47637 82125 99325 56846 69713 96553 21435 15326 48405 30237 54157 68098 94997 
9918 10
31825 49584 79933 61821 83949 27484 14457 47523 71772 63551 
7124 17
11559 76659 66112 47497 43774 63152 72194 15911 84791 15534 78852 95164 33815 80820 84187 54052 50099 
4065 15
99292 50234 86029 6561 9496 44996 59940 16624 33951 18030 43277 90021 43537 69244 69141 
8691 20
59290 11153 15371 85175 29434 55714 78715 50247 20152 78477 15480 18437 87419 35565 80049 55052 33992 1012 46058 48126 
9061 10
36314 42091 97493 6237 40717 34454 47228 14719 6623 97758 
1045 20
49560 38313 39892 29992 91949 56316 87873 43439 44114 20566 54028 41485 21886 90560 63622 77344 95978 20595 25087 17105 
2868 17
97707 16062 68021 74618 64559 58064 13959 77889 82584 14901 50956 62894 26426 28241 13782 93229 97267 
8056 13
28167 96476 17128 34361 87430 19817 24457 45770 75487 3561 35890 63827 31110 
8138 13
13542 42854 66280 14820 74246 88287 36224 67623 77636 45672 72141 96157 20108 
9960 12
64334 51956 6102 72726 81485 62212 10159 90539 72481 87648 19578 54985 
3245 13
12848 38197 23154 53768 92454 44312 25424 59501 17762 13640 16529 34803 16918 
4319 12
7365 31577 28815 5288 67521 61789 83203 49885 24612 64662 88250 92950 
1559 13
32310 94008 21448 49428 91615 57844 44809 13735 52328 51878 90715 83093 48838 
650 14
78383 33694 61008 44740 18275 60100 68345 50898 78483 59551 68353 26135 4701 88226 
3953 18
8169 19290 28280 80813 15550 38261 64680 64015 95955 32155 11603 95826 88667 54495 51407 66720 78057 5704 
526 14
1491 33981 16735 62761 54307 69570 9200 98157 16110 33586 2504 29292 67485 87714 
3218 14
65795 84101 55521 23405 86848 46846 23072 52401 1010 5162 59691 95143 37840 97500 
2863 10
72313 19056 95997 30562 51663 855 70638 11046 99870 58684 
3684 13
65974 75138 15994 38487 66179 50494 3879 13979 52341 64184 73767 81144 36274 
8236 10
29760 11569 71801 86977 68383 14396 6009 91595 52580 93640 
9053 17
22199 55265 21702 89802 76721 47051 5280 60614 85879 99762 62941 16455 87880 1638 5886 71014 40703 
5339 19
12125 58878 21895 42866 68007 57166 40789 58639 11166 82022 56296 57668 72427 61805 93773 97317 63380 8649 74857 
3148 14
63389 71769 47631 23660 87166 69943 21022 95340 87563 41864 20102 32967 23400 36813 
7025 11
52788 33186 98482 76817 81812 19506 18708 19809 5509 52644 10805 
2019 11
19719 62081 93659 58036 41804 45876 62269 52019 71834 57464 19712 
2049 17
20983 8782 79668 75571 13521 60204 9086 49714 13156 32306 22890 35266 8094 98753 3273 58646 8173 
6202 14
88430 26051 32439 81666 18657 92835 87037 37978 69527 70036 73534 3489 47571 35878 
7021 16
86633 78444 58903 93967 14586 65056 84776 15673 39880 71094 34954 71524 19902 66024 69638 8126 
1283 18
9751 50561 87663 96458 34956 61184 43971 18667 38825 30634 21454 99157 29280 65797 45905 18163 89194 78912 
7148 15
52590 51731 48396 50825 71260 71203 43448 15901 4474 3013 52707 13913 8543 49863 32426 
6330 15
95250 73012 5528 30262 2361 28898 27979 10959 58730 16610 78765 80921 27328 5890 52309 
6902 10
96365 71819 55892 43924 66272 2063 12745 89815 73429 87326 
1659 14
43695 35568 76475 55938 42808 17025 56181 50300 19804 60276 66551 75181 53843 6279 
7360 10
93449 33085 99682 23450 48561 50678 26904 3876 42389 11512 
8890 14
96640 3650 30752 14151 29939 42631 79810 98464 15643 26620 5858 6725 63102 36749 
7344 17
65945 81481 36586 46076 48724 91488 3380 61206 10626 26817 22816 77088 8712 12714 90169 66432 77416 
7956 16
91358 89710 8361 39793 76310 99270 43098 59305 11082 19498 2365 25103 86621 34990 83790 23650 
2144 12
8888 83373 59023 36485 37470 2623 18220 40437 65933 39234 62673 7776 
4618 17
95468 99623 74901 97876 86718 63734 56330 39285 73190 18713 49356 44069 78319 62124 78103 12430 5242 
470 20
72346 65050 42465 72655 54586 60568 84652 30681 34263 84978 84614 85789 61793 7128 71140 83487 75916 50532 34110 58852 
4637 19
20123 89102 58115 89342 54237 67409 96659 36055 48895 72198 78679 50684 59528 16353 95262 46712 26142 28299 63609 
2214 18
51556 75024 69665 94368 88742 59288 36172 45646 59437 21223 25274 69006 9236 37980 64376 5449 6515 71149 
5465 12
78779 7394 61574 15842 51954 32846 35703 98642 19351 71758 96489 93477 
8033 18
87991 86261 68909 26887 85106 64948 73056 99271 41502 55854 46948 29245 88568 44501 38348 90525 8024 2919 
7445 9
33977 15716 84320 85554 80625 80365 34472 15917 54006 
9447 20
63821 14339 38150 83518 20351 42871 61857 98621 90735 33653 76725 34612 38320 89681 410 76262 673 38593 70663 38493 
3022 19
1628 18402 73124 6089 12561 78659 9564 79857 30140 88733 61920 14072 6448 3416 90683 426 25983 59416 38872 
4709 15
99818 17018 32335 83375 56521 22896 21958 23260 99015 5092 2618 95146 48454 2950 47659 
1394 19
63950 24054 15102 62801 39712 5295 31292 7515 15424 15018 94512 77041 54932 66090 88850 81438 11683 1096 2359 
7468 12
67830 13598 96293 44624 26244 68262 33073 85876 71658 82111 6968 37412 
7786 18
30416 41312 98713 76788 58615 1248 25158 54098 95619 49193 79747 39415 38905 15505 53760 35502 28405 17896 
3740 19
70845 74579 70126 28429 37086 68795 40681 54151 58097 66815 89604 27039 16097 46351 96736 58495 63558 77835 81339 
9761 12
55044 3750 61586 91986 28058 34675 74259 97684 87866 97918 54689 91084 
8933 17
51725 96832 7347 56987 24853 55138 80083 12602 13356 81761 28327 13688 88991 15618 83958 72257 89813 
5761 20
84117 58848 49440 83633 9465 90546 51586 58793 77951 7101 59747 70757 13204 17367 10195 22202 82537 82127 19707 90886 
5933 11
67783 33213 98996 7410 73147 80946 52059 69265 57640 56989 95523 
6334 15
68722 98173 35723 38419 40838 51969 14638 44348 10336 62950 46690 83404 8278 81539 32080 
7989 15
4181 33147 95793 92114 86559 39418 25304 46347 34694 12877 46874 31099 6800 80808 22925 
314 14
92456 70539 88138 64337 84531 10109 22302 60167 59963 50012 44995 93867 1523 63165 
7261 12
69987 1049 78525 88509 44155 65000 56593 9894 19734 11531 42784 80930 
6063 20
50947 9218 91877 5828 28199 66962 36058 51504 48962 85987 1266 79788 96428 41516 95598 9552 78200 67848 67622 54575 
8211 13
89942 15603 12421 24150 81279 17390 38438 66058 38720 85379 30378 93585 91735 
20 18
56269 99671 68344 54112 21904 70902 46404 6642 83263 60514 17453 92494 37314 82710 54544 88220 45286 79689 
6129 12
95606 60913 65399 88971 43174 14224 85677 92605 21030 18743 10774 76567 
8795 17
19282 11887 20115 34827 24629 33606 81608 35653 72714 75616 7588 51607 31898 30617 89427 36151 47816 
2567 15
96368 72801 30691 72348 48742 63381 17752 18612 15997 8448 47761 20741 96810 71812 36475 
2916 14
23779 63276 29865 8972 14347 16259 1962 92953 19659 2499 87781 83837 51149 89411 
3507 10
38983 55491 28944 12840 49256 39656 90321 78255 45935 1983 
4642 17
69737 57000 58561 55036 77400 5820 37582 18398 28643 96297 55167 65693 98470 55836 87856 83257 99962 
5918 10
62589 69940 20161 50371 33117 84977 6862 74460 92538 94782 
7832 15
79924 53372 72378 94405 1796 47075 24496 78684 77079 64794 14872 32507 11811 78646 99004 
2754 18
47424 70011 35310 65303 81834 69218 51675 64036 60594 64840 86571 64367 63882 65435 52108 71756 4700 98693 
2786 14
34993 27246 25368 55427 72419 38790 53376 7537 10714 99560 88803 29626 15562 37310 
6636 15
32592 88953 47982 47875 75695 95361 60066 1816 34089 97223 54092 5454 71874 997 42641 
6442 15
36383 52025 6299 69280 11172 73213 71284 36183 11660 25017 83160 20785 38770 71791 27191 
3612 10
25134 60652 15834 26970 22854 16598 94125 74097 75570 12164 
143 12
66161 2562 5193 52677 60993 66255 77545 39825 83523 49036 279 13638 
5502 13
77010 7192 66290 87547 59022 74739 31933 44134 95575 86072 37230 538 50235 
9460 13
43007 60724 27752 19632 3868 94677 10043 87181 87693 66906 72555 22338 2404 
1201 20
99899 33482 66837 26759 84256 6471 8585 93111 8851 34078 4850 63192 99331 33588 91106 28933 48464 58677 16196 78818 
7358 20
88944 51487 34122 67570 30585 46203 47834 81543 34271 59605 45114 63957 36550 65619 65508 46729 81897 41726 6016 8226 
555 15
52560 52206 26049 13054 83947 81758 11256 35007 67932 29929 29340 22635 57518 79265 28172 
9064 16
97723 67031 65751 63288 68486 14144 59567 50724 75503 27417 36301 81296 48449 26172 11002 53135 
4766 12
3503 71815 85998 81859 17282 10654 54867 69725 17846 60239 53045 52953 
3998 13
53876 91337 89508 64979 97779 88054 71934 57688 4051 94628 19932 50288 30958 
1268 19
68325 37784 5787 99819 2779 6648 21854 17540 80268 97669 73816 85192 12045 30239 42468 17914 46618 98037 47798 
6897 19
37550 54084 73295 16476 75602 48793 14925 43423 6564 54263 87937 3932 10856 14860 71074 28038 83304 95402 56907 
8095 17
73611 92161 80424 16669 13218 47435 28981 4572 17722 55875 66163 56953 59218 90909 90214 22232 6228 
1529 19
53440 9994 12962 41879 41228 72008 87517 6554 25606 65288 51543 77662 79966 42523 34145 87482 38199 41270 4901 
2610 20
71113 48745 10458 11071 30494 52297 53356 25060 74761 7820 4174 66708 89240 48043 39325 77032 49113 61304 65479 1382 
83 15
20825 17989 80483 85294 83179 43912 68141 73003 65409 13463 72666 41578 96069 31628 28287 
1843 16
28056 37441 87532 52837 60475 6511 45113 36624 92956 43019 15645 20750 54642 79895 55459 76691 
4169 10
70815 11041 56482 440 28697 5064 98684 26594 57287 55050 
4801 14
2688 23200 85702 70761 69639 6454 86630 48752 31314 66669 40202 66706 75340 27033 
25 13
87370 26816 5898 28562 87786 60620 79583 14449 97951 8959 31263 16523 69060 
2297 17
44219 34902 26037 70960 42504 6718 5511 48161 72402 20451 54343 74118 61759 67018 19238 98491 32352 
3678 17
53732 63738 89351 82683 85429 29646 61464 62688 47403 78677 21110 59509 76329 74726 7032 79816 10529 
3794 11
9590 90603 75484 64506 67482 20429 59590 2033 73939 77809 61049 
8260 13
87805 59725 3518 75316 83122 2337 92119 35133 47005 63560 81941 43255 8391 
8129 11
39681 74479 49453 29696 70005 15553 72455 2959 34904 63713 62293 
5439 19
838 62001 86027 92296 95183 10570 20181 80092 11942 17824 24440 75089 69698 86206 49521 21990 60442 74913 96330 
9227 14
27902 14391 17766 38461 18981 98859 43939 66562 63726 30542 67461 42200 75128 54980 
5317 10
77394 64468 15637 8016 3624 82990 76391 22543 63086 64764 
1771 16
51469 66674 6126 98109 51819 59283 80587 73579 9148 2411 96817 6637 47898 11951 78328 46295 
462 15
45164 73681 84319 29109 72407 31505 82077 12322 96865 92412 36722 36094 65678 88288 11995 
3919 11
69802 56056 15819 89941 4461 94347 66590 40245 21917 1184 90734 
1127 13
82050 69284 76041 28183 94443 27129 53352 42685 86471 24027 93312 59506 98884 
2722 15
63596 68648 75932 2495 72772 91586 85352 75712 89796 98911 58239 91360 63545 30535 22626 
4397 18
27853 5263 22832 41856 61075 47282 10042 88370 63839 1045 26663 18659 766 78149 57816 70596 62566 58227 
7984 19
56008 60574 59248 98660 83098 96995 97991 88120 78896 55615 40900 91557 57279 38861 7690 57104 6981 27980 44930 
8109 12
52339 36052 59017 42782 23360 31540 42969 34450 5407 75268 10811 66840 
401 19
20960 88244 37875 48257 75380 61483 26745 13769 45239 4749 54414 2236 58449 13170 56920 76566 5896 17057 76985 
4059 10
36425 86716 50230 23918 3166 19054 12229 88056 62569 95569 
9139 17
93889 84966 87919 23623 58246 6884 14898 71303 10873 92274 95334 9723 15943 33621 42268 72003 64792 
1679 14
20174 72933 89694 44342 96725 57066 6282 91367 90049 25432 68538 19995 28976 51344 
7881 12
29647 95013 12040 50018 27882 40758 30549 47235 69356 94115 8436 30489 
9101 19
72384 53852 45693 75021 10730 68857 21606 29575 81259 48757 82354 50232 37049 77147 58552 19066 86821 64819 6785 
4892 14
50779 23298 62575 92278 99600 42322 53588 91660 27342 84002 67747 67902 41906 11386 
7177 12
91994 41307 41812 98723 7818 2230 28825 79707 3402 5660 37924 92866 
9255 14
82545 10121 87929 69499 33025 19731 29485 1875 40739 14871 12490 54473 17705 80757 
3925 15
40969 91122 77031 15926 58301 44938 55131 64886 64742 77531 3319 91079 26617 81378 51965 
309 13
43885 32493 17401 9524 84177 73142 35295 65057 85953 19890 88030 60152 79531 
917 10
60729 33126 44084 59516 3449 99771 38274 29121 85545 97211 
5936 10
61905 24757 73646 92677 98471 87645 54030 88899 74687 10349 
9069 14
28846 77156 6298 42563 91062 65971 9262 95127 65985 17788 78606 33268 89554 95092 
5091 16
28304 39856 21570 28866 57384 38037 25414 44496 10382 31388 89906 79615 8330 69124 88734 12683 
6953 16
46501 52169 84887 66523 29728 46259 67642 54548 6931 45821 2391 40597 13413 71259 44169 4460 
6995 19
10252 31952 59224 36061 61402 19352 64793 91388 88527 44045 59001 79584 31004 82356 7997 95925 28301 69744 65061 
198 12
38878 64023 86139 37953 40934 9872 46140 19029 11316 3333 79943 36870 
886 20
87083 18089 31949 8700 99704 82062 46596 22617 39817 73724 99355 74639 59837 95729 1077 50608 56359 96329 78860 58244 
1649 9
56437 80013 25266 23175 25245 76065 52036 60467 92600 
3981 14
28564 51948 4900 29157 8408 24824 53195 16378 21890 11556 15513 29189 47001 34633 
7168 10
10114 27912 29546 16205 32745 8315 33760 36602 76146 35693 
2984 18
1455 63935 74210 36968 2953 52854 98914 17016 37544 77802 15268 99933 71546 20223 65932 911 71432 59464 
4717 18
79767 12998 49956 26828 28190 81351 61563 61195 43891 68665 67252 86264 51880 36568 29078 2654 65413 56201 
3614 15
22392 92661 57901 42150 80334 78608 75772 85748 46988 72503 16796 45379 20478 48878 33786 
7575 16
66420 57733 56723 99998 11851 31529 96630 14517 80057 60496 53525 81317 43121 79454 43509 67566 
4749 16
24773 26268 13811 57605 21535 44007 56596 82221 75299 16155 77302 39743 3103 38677 1428 81797 
6765 18
15004 33094 92120 21043 38382 69687 4950 81792 51490 91778 83389 45255 65380 67987 38665 94960 82728 88955 
5851 20
16980 50129 21719 99002 35601 21555 3163 85653 45502 95728 17291 12513 30381 56563 87530 21720 23556 3982 79965 8445 
6253 18
96307 1822 51496 98882 56995 9713 25956 83025 43797 81202 71436 34810 77863 98355 66108 10342 43682 51545 
8758 17
36492 68057 24925 49244 60299 88026 5445 95727 51760 74958 18403 77120 17985 57507 45583 66675 13373 
4758 20
84347 99010 23928 24709 33654 92408 37923 2051 54287 47525 91216 74497 2686 71749 63986 94218 4552 26076 61417 41803 
5525 16
91800 64360 51593 77308 37553 60775 75965 2694 9905 93457 53555 3297 25763 985 73677 28392 
5568 14
67294 45053 17432 83113 86322 11333 72568 22644 70548 15721 40116 66563 65855 11989 
9897 19
91000 90985 17302 98787 36505 13149 27806 90831 49368 8004 47803 46953 90042 97718 82779 2374 76563 28302 33714 
837 15
61215 82321 31301 43033 33419 4961 21657 77 51871 63424 37687 60181 17330 8202 54275 
5813 13
36540 46851 86365 83785 40748 28441 35768 70239 19582 51154 86917 25230 40822 
3233 11
36660 66780 69569 52567 45319 26605 40439 73169 11025 41165 18512 
1024 11
20277 68426 58408 82442 61721 38759 52032 4972 22368 24268 32114 
9322 13
34767 215 47343 92315 88795 46380 51897 28509 39331 13768 52800 30884 17265 
4460 16
96436 8319 98425 25169 69675 12804 42973 35789 54694 36327 95798 51201 43208 56836 82131 76084 
8384 19
89482 81966 34713 69826 4986 54344 45614 67804 84933 15212 67329 24067 84313 79781 90223 71023 27699 76168 29310 
3212 18
44512 55051 17078 85403 3318 703 88836 9199 98398 29924 26592 15474 75898 36599 17702 4550 84954 88095 
5393 12
66121 51831 8062 51966 89816 60745 18262 47244 35666 10718 59661 91217 
7694 10
29055 36377 53577 20060 81639 5349 97123 88638 89921 36661 
9517 15
65632 41155 36928 25943 88018 97254 76115 91100 51558 58949 61144 64422 52964 97001 24720 
9423 12
12736 23440 36838 73513 29518 5340 54992 87100 90895 49658 22882 36085 
9401 11
15596 22043 57596 72604 5440 14635 48729 93003 84900 61301 87957 
4240 15
64143 32396 4251 28790 51025 51006 94630 13786 27639 84070 42792 13144 36846 3155 23083 
2244 11
30155 64479 13962 86802 1072 67510 52907 41287 2579 81910 5901 
5804 17
34521 30618 5917 62289 8102 62136 48473 22763 8105 41712 68128 4467 91571 51893 90819 99751 94485 
1044 13
60633 2081 60159 14907 72992 94797 47616 35191 46663 51997 46398 36160 32697 
5836 16
15179 78095 11646 29682 59628 16605 69869 29522 47206 4677 64724 93283 60268 99548 21366 74107 
9316 16
23358 85069 19434 42636 78016 43322 33100 83085 75727 47249 37623 82906 47309 99852 70147 5807 
8643 16
43714 98283 23324 4570 64817 97692 80680 57212 99436 59980 46726 18954 99376 77953 74290 71715 
4380 17
21474 45042 46072 5229 18963 42963 61185 11324 44273 93492 38621 52213 66833 43103 82752 20263 20565 
6232 14
24693 33573 31697 11374 39407 52136 94076 19078 11405 94613 94921 66470 79311 93005 
6588 19
36766 37636 75758 2159 38766 82960 1988 98341 66794 42352 7618 50809 49067 50826 48982 75995 19537 88210 60125 
1800 11
81760 37546 62440 88329 97417 31341 39404 29997 24025 51532 62554 
6717 17
28162 52310 25539 40088 26392 18904 87993 68371 32544 83653 95454 2492 14982 74352 33661 18367 36096 
1648 14
2815 70080 89332 63041 34363 35960 98662 87324 939 74578 26815 53710 51245 89792 
806 12
82846 2074 25022 77280 43249 93536 91541 81762 43442 61355 71891 68168 
1133 19
28103 22869 24559 23045 84375 6023 23940 80544 4635 20269 41625 87020 20708 21741 41188 35861 67618 48670 89093 
3698 11
24081 29770 82055 8503 32386 68347 18098 64709 3504 32312 91786 
9128 17
76763 88368 6763 43449 90595 56152 48531 41170 59735 50738 76510 22056 6199 14032 77778 20291 26264 
9566 10
41865 3302 85657 60741 44518 76358 48216 65721 57624 52477 
7501 12
38087 66535 80333 40825 18882 45035 51808 32939 45109 81514 10795 93725 
7717 16
46991 50449 29839 99675 68771 44640 8981 97003 18178 58366 25247 98252 85029 42412 69275 41534 
6677 13
18424 2620 99327 39265 28138 94143 29824 18230 39373 18035 60934 62366 2525 
29 17
69534 23600 50056 97733 77350 68691 33336 55674 80009 69361 33042 12708 68449 66311 77682 80532 93750 
2743 11
27303 23235 31334 57184 21263 8141 36887 89395 5936 5732 26435 
4154 13
89968 35994 63752 59035 1117 66068 816 51548 32941 26091 50924 3619 2105 
4160 10
33134 2923 87595 49384 97979 45332 97538 55481 57938 82157 
6291 14
52924 74083 61369 25589 41526 86420 43146 11669 76614 8733 83867 39249 31284 40227 
7630 15
7311 47513 20506 79061 1471 92006 60555 64382 86198 82939 58172 23548 37838 70287 2334 
7755 11
10059 36466 8982 64581 60014 19806 33371 41405 55723 8084 54764 
9263 9
75476 59770 88547 12970 26990 48751 66226 28839 99340 
4011 15
37512 84344 95834 25444 71497 19886 64750 45199 27333 62780 91863 93247 27377 17556 56544 
9564 16
69604 36491 89514 92259 87438 94564 77329 56167 70424 47827 4400 65091 38194 32607 39193 78145 
7281 18
26693 92440 3009 74003 15340 27077 87511 88047 64213 39968 12771 33026 20628 8971 83800 35664 53518 4425 
9110 10
84142 4345 34898 90052 93603 54757 67737 8444 78629 99103 
2394 19
29201 9796 36193 12871 20575 6758 73569 95029 43263 25967 63799 1998 83514 36757 96142 40639 94214 34607 47576 
3707 15
57803 38976 13629 69122 20909 22587 15299 10101 73730 36584 26731 32128 77984 59239 94335 
5558 17
8906 69716 13453 489 79856 25135 73892 55631 43492 98107 57283 80896 52752 85980 84504 23092 81428 
7407 16
41471 46170 64217 90246 72956 5091 18397 75113 58136 56070 17054 88573 65910 99915 84012 71967 
2167 17
14722 14755 129 10607 7376 3172 3351 79646 25213 33731 51581 40218 32400 23027 41755 36759 94695 
2548 18
52917 27691 79523 4499 84796 94111 75343 74100 45656 55805 86674 33891 13294 32195 28728 57484 86711 32726 
4042 18
66503 7293 57011 91056 77494 99568 19164 98479 12077 13082 88417 95977 12940 52535 35463 61435 99660 23310 
2100 19
94917 54967 54872 97726 23256 5865 30916 71192 81719 46250 35427 8045 76171 53743 1945 79502 59515 83379 35894 
6371 18
75638 47290 74896 72420 2155 11657 29277 40283 37767 27141 83832 96124 64705 81901 85169 42036 71975 43838 
2504 15
24035 48916 67989 370 95592 7223 56410 83227 86931 70525 33155 53082 34013 22770 449 
8450 17
96231 46318 14602 18541 32778 48071 28983 44254 60389 42454 12668 24474 25301 52759 74610 65968 48365 
8490 13
1738 5462 74268 6575 82276 6067 52199 75442 50163 72199 48919 70466 12447 
8664 17
83974 85982 31836 67572 15278 5599 19053 22025 35621 58344 33365 41099 77253 94160 35927 69380 96621 
115 10
60419 5443 55235 50746 99249 44635 96238 15264 58775 76397 
5513 17
39013 53280 85906 3443 75099 4574 58261 65210 49374 87175 31381 68500 44137 87634 71501 56844 92024 
7099 18
87568 24441 80436 87543 72976 30175 50093 43684 55683 50485 57840 25972 42133 44858 94394 92480 17825 47399 
1693 9
50156 26151 87171 72509 87726 16215 70070 55806 70386 
7120 13
46518 58277 32987 19466 98211 84236 86758 49243 55580 78578 81466 52987 92811 
1161 11
6615 47289 35684 83258 45754 50715 31630 57095 17614 24904 41509 
6979 19
76206 22906 18600 3425 43631 8991 15498 25493 30325 21211 41412 93347 71246 71799 57859 40294 32591 41474 89839 
9200 17
21877 23611 13319 8628 15517 59635 81025 90870 26733 94798 72874 75076 5786 23736 49335 40998 95783 
2963 9
49147 27910 1777 17002 96675 54444 68125 14539 81273 
170 13
258 22060 31028 83588 41142 51364 86734 80726 57246 91849 24541 66916 74964 
2732 12
32601 16158 30026 45352 12612 61549 58308 48868 60437 34513 96872 98643 
8226 17
1636 42020 62583 64000 89734 23282 67199 39729 94548 91670 32452 80110 1389 39877 63151 97687 55921 
514 9
87912 16197 96499 74218 8019 71903 13093 31157 46152 
3273 16
26703 66934 9231 17368 96535 19430 24692 37996 22159 31972 28094 80902 24989 60627 4918 94197 
5164 19
82170 21399 73833 5217 99252 27638 30040 81659 4679 53324 36117 84369 40348 50794 20458 25995 25602 86577 47743 
4454 16
75093 52597 15791 7652 43798 82290 41570 20333 68043 11365 95524 8746 13912 98429 36423 23903 
2212 13
39134 39450 30851 92152 49383 12228 37088 1349 87392 4706 68887 22942 93610 
1229 14
63469 79141 60936 76472 8896 50904 52749 11142 11794 69387 89893 42863 90096 79616 
5569 13
49204 54440 1429 83966 17805 9565 42224 62797 3796 59384 84254 34230 64850 
2359 13
85810 52615 12451 28632 20678 83803 63497 98686 30503 14067 60259 55889 9508 
8279 10
24737 82502 63624 79437 32039 98543 96414 73237 11213 63029 
9100 15
28665 6610 48829 24333 14179 26345 53450 59863 11852 1905 72373 67500 41747 79050 40503 
9285 14
91577 5194 47155 29181 95510 97926 57207 31286 22749 31449 78262 31541 5962 65242 
1622 18
92452 75768 65512 7142 71550 67191 97323 11246 86851 59405 11158 82155 16534 45923 99205 45074 82130 70892 
6507 14
94966 2154 58879 43999 41115 74649 90562 69063 31532 60647 55127 50741 12388 52437 
8432 16
29205 31249 98897 57386 23122 23004 48044 85760 30883 66072 21028 38700 2981 84831 93899 5489 
370 17
32555 60985 72080 46210 29325 96575 4267 68900 32684 21353 18799 48966 66522 99380 12080 63098 94177 
5512 12
87074 33634 29375 99955 4579 56384 25376 20329 18216 64387 86506 11891 
2570 17
75678 32152 55084 19550 26652 76818 85561 63845 39517 77178 43979 53405 71151 21405 30061 27784 88910 
5691 20
87170 39093 63007 53533 35029 99953 58108 27275 92145 33677 35215 70937 69411 64446 80721 74690 79199 29553 50772 95249 
1723 15
70344 95946 33745 33651 87936 12887 8285 74243 78358 73071 93635 60342 40419 34302 78751 
4563 14
50753 23443 98262 33076 13028 57610 72835 77888 34839 9803 89260 77153 60440 4685 
9353 10
4698 53825 78811 93341 20075 42507 81804 70253 31682 37027 
111 14
97759 78382 8792 45472 79430 40466 1559 61427 15253 20320 55457 38153 1692 70445 
627 19
38799 52170 75802 47618 17668 18989 60962 60226 92874 61874 46427 13907 76493 20137 39432 94802 41993 49106 74570 
1752 20
70743 56345 3907 40002 78980 14089 88425 67044 6294 66285 50923 30714 3970 32922 63175 83265 97137 226 14251 34219 
7618 17
98975 48935 34172 43386 35632 172 43327 79692 63405 75698 96030 67558 62662 77323 31317 23735 39981 
9291 20
66701 6043 28222 43178 18872 26874 28135 70367 77294 85620 21108 55315 98661 31620 67203 49163 18754 90997 53569 61965 
9486 17
81616 50136 25217 47863 13021 3667 1142 42294 85828 144 96171 88042 29916 88324 29781 25214 77993 
4153 10
79163 31171 58533 14552 74143 97871 10343 68381 43402 17033 
7193 17
53826 39397 28134 84847 81187 87526 59466 21857 85721 71752 69289 92266 45085 69087 59092 88975 57697 
8530 20
82458 27044 96213 22968 99723 98024 19448 42760 16064 20859 2304 32631 88957 59089 53582 26138 5892 87719 81373 11503 
8738 17
41936 36519 10840 47390 69069 485 88550 33701 92795 2052 89237 42857 46844 1081 68221 20614 34438 
6754 12
38055 60674 9716 47046 54195 64971 6136 57188 69574 73946 16462 48874 
7841 18
92195 40280 72893 32406 17413 34294 48987 73346 38953 29602 91832 59880 24318 18316 47100 13603 51679 53855 
6550 19
16395 57527 85050 57286 80912 33058 12759 63103 93066 7958 97857 11530 65313 49892 31067 35700 10051 97138 94970 
1126 8
66996 69678 901 38746 5615 48643 61337 69967 
4395 20
19596 97933 69050 94303 12772 78663 68609 14023 80554 82899 48010 93784 84928 91851 90725 9978 91034 77725 93942 66605 
7013 14
65760 16940 2619 30790 58887 97797 52400 45430 28612 36084 21747 67787 16594 55639 
319 16
2162 30045 3195 12761 61579 29987 13491 65450 75106 44632 55351 108 1286 56712 9703 71080 
9915 11
82256 13545 27220 1937 30182 29811 58225 62042 76864 33289 98407 
6241 18
88617 86442 31889 98014 66639 13562 61451 12416 48146 66575 40351 74814 21600 54471 25240 42960 40462 36531 
6597 10
3198 97363 61254 36057 88275 65480 7440 15458 53302 92021 
7293 13
44087 13465 73884 57054 14763 78972 36429 3704 51647 49312 70986 14667 12574 
5348 18
9820 70428 92159 75228 42335 6144 63951 44592 60666 30371 16521 27669 43951 21795 37958 30289 22038 2519 
9948 13
55894 44866 60007 83858 78907 7578 10231 15301 74943 23869 90758 24599 4624 
1722 16
3542 99349 48824 87275 64746 89130 1786 84111 51302 47893 45872 49815 31140 3863 14469 89950 
4406 15
56138 98381 19981 93480 83932 27419 58691 79146 85131 52839 92020 34718 35493 13387 95558 
2943 18
8051 48077 56722 68429 61497 4916 11954 44522 38998 56395 19155 35038 36728 14627 34734 10040 42824 89074 
3963 14
38634 86171 84695 85557 8815 5135 40175 44899 46136 14372 77271 9198 40951 2032 
4235 15
6103 68 17902 57838 55460 66402 55633 58029 45153 60064 41306 9720 67460 60209 46539 
5532 15
99553 8841 56444 70554 4594 81458 84803 20449 64219 76154 45150 75618 58431 9624 77124 
6644 20
34688 73905 67532 39066 43182 59710 32722 10816 2164 91504 34217 35676 60249 79918 87633 52990 47332 5281 62465 89990 
6871 20
13601 39044 21581 66013 59246 16615 74736 74615 80127 36149 75548 42836 59306 12282 31515 67662 87851 47629 599 40071 
2126 19
14772 16653 6266 92653 75921 79908 18221 80042 46775 33272 5152 39158 37437 39045 83515 2994 24695 15433 91307 
7962 13
23048 73718 32658 31423 61830 84798 41969 31087 26538 10378 25422 65577 3570 
5243 12
60293 94453 83607 27327 64763 64215 28435 7621 45850 24647 95256 24084 
4022 19
42356 16473 8372 6158 43217 64145 71920 26964 86956 16987 83225 92884 40856 90962 77807 29183 33776 68940 78996 
9346 18
71159 98436 18328 26084 79705 77727 38133 38027 42187 97854 5071 24251 47973 22483 55801 38112 13878 67122 
9208 12
28476 88985 99956 497 39015 91296 76851 68199 83127 23102 60684 34691 
1634 14
42058 57740 774 48779 24468 87092 15323 18305 34392 69902 90605 36241 5282 75776 
3679 16
64846 73820 23169 8895 39446 20209 54193 91484 15648 49586 32628 33897 73279 53944 30290 43919 
3938 11
12180 37595 59885 38662 70893 92820 20791 68684 43547 75092 83826 
9716 13
81800 38187 32372 62087 63954 78428 72283 1592 46856 51603 38504 64898 4077 
9239 18
25718 56230 52478 93009 6812 86429 34855 55016 75646 35547 12123 65093 95095 6754 24764 73807 97260 78515 
9887 13
17517 43272 14723 81587 14045 25661 89257 52145 66188 47825 32428 62498 50465 
6821 20
93884 2614 30421 95339 82842 36401 85849 38721 74059 53296 99232 47392 65710 40734 6120 64475 1631 40424 13254 34765 
6900 14
84837 56122 65779 49873 17678 30226 33507 31425 40778 90465 26881 95188 61143 70957 
3772 13
75517 35634 89315 71138 58929 52575 92073 6091 7598 67146 59763 45138 58606 
8624 9
26914 61292 68596 13968 93028 3347 43169 95528 16149 
918 12
67123 50540 92080 12247 26656 3345 49856 86026 48558 76152 50606 26806 
1257 13
46804 9660 46047 84025 65920 55595 39633 86065 7557 94579 84539 37474 55336 
3962 11
97899 84159 20584 72827 20353 62747 74529 25172 29084 83948 57824 
7243 16
50324 41457 92712 42008 36003 43122 24818 77263 60513 50394 91025 83823 57434 76394 27950 30369 
7349 11
17422 79401 84314 80668 32445 31597 16892 33490 79362 85279 59041 
3597 19
59146 55285 73670 12667 82493 90342 84345 26650 43181 90138 76133 37962 10118 11413 44464 15572 43268 95110 30212 
3915 13
83261 74855 27006 55918 98747 60639 45917 74117 98284 30953 72951 67403 63550 
1351 11
36129 2942 59813 91501 19843 28930 36187 31055 47154 21165 89302 
7258 14
51793 60285 33015 80630 9938 79404 66192 53365 73383 58199 79746 66786 49014 13832 
7803 16
54908 37234 27483 84449 12753 37021 4527 2896 22727 15174 29809 64949 77821 74195 49077 44789 
9168 12
18334 643 81278 5688 52598 5391 26275 28484 96405 34540 22703 78390 
5590 14
82048 55291 95129 20555 45621 83643 32891 97946 6726 64380 50886 15804 48678 61929 
151 18
71380 51752 80806 38722 79395 88713 52988 8997 51485 45838 90385 65393 96716 3581 71319 4080 7135 32877 
8383 15
71820 18846 51280 19522 63860 94472 25398 78613 65800 89314 14777 86516 75635 452 24167 
18 14
74125 74997 29586 69057 73308 55842 56601 52255 64396 80302 98878 35169 75224 52395 
7305 10
80227 16103 41276 71052 31000 569 27769 17735 89141 23444 
5724 18
64761 19536 93722 9003 91251 4331 53478 89956 13122 16663 12844 43701 8025 21401 72830 24578 63547 83428 
7963 10
63912 49736 25831 61205 89191 28370 66573 74147 79522 9705 
8894 15
84706 21436 24902 70568 46433 12907 61317 87940 23007 91041 87577 40504 82694 84840 54116 
1220 14
4825 42597 15218 1415 5363 8988 5019 99640 21085 99203 92633 95015 78783 80226 
1852 15
63565 43058 78835 22047 38585 50154 76572 19870 1725 36533 10295 67604 32377 74557 453 
2143 12
21501 98833 86761 28330 21511 87144 79592 67372 34395 18889 17145 15678 
7838 16
23441 3645 34154 44970 10875 34832 44332 67961 23853 81182 11511 76370 4101 32256 59223 41456 
7915 20
27513 46346 17288 99973 44434 44050 8085 92930 45680 47089 2984 51671 42153 40240 31875 63578 44172 84370 34481 18992 
9124 18
17411 72526 60377 15162 79060 40886 92903 12191 12780 94572 43429 68026 21421 15298 20981 62522 44053 32653 
4284 18
40266 95026 76024 91306 55489 84059 4492 99442 79501 94524 33387 74488 39219 23103 79590 37144 72299 20698 
4868 11
83325 93489 18871 43937 98677 34537 26822 29978 84747 60537 71536 
2899 19
68108 2976 44661 43619 97387 37429 78020 33647 73507 28443 64415 89161 7636 97510 66185 76929 73422 22960 23790 
3526 17
18404 41057 55256 76640 92743 74056 35922 98517 11525 55524 88159 4962 58112 23684 31730 11688 69986 
4376 18
36979 61068 11920 35578 13887 85611 50534 67236 89574 39423 93326 67537 11674 6162 92619 13235 98040 89126 
7092 18
98147 36653 43485 34427 36091 23563 63378 70064 33861 63367 87291 93133 94096 51913 40561 24410 47563 42777 
2520 13
64602 95271 17323 18188 78694 58484 58768 4711 12702 81415 85757 75242 54251 
5388 10
6239 68884 47577 16596 48235 56049 22454 29262 31625 2510 
561 15
58923 25871 51720 51002 81332 85188 99897 8987 97800 8806 97761 62468 74585 53763 96955 
9392 13
38506 35946 61886 94867 4218 15826 17618 50804 93839 14097 16853 92031 41583 
7319 18
10583 84244 40709 88900 95178 71989 54509 28268 85819 21368 33150 78769 80990 65783 67527 40708 36076 11146 
2052 20
3675 4242 23671 90795 41650 51723 67046 79375 67938 19915 9021 17373 81526 47943 24808 35474 23868 9028 51552 13676 
2882 12
65860 130 83698 7897 54090 34255 48828 24478 78934 34082 6626 16292 
9081 15
37630 36605 56624 51304 27930 55774 71966 93266 34619 86117 31591 1161 3001 82682 8893 
482 12
90211 33348 62751 53762 86759 59758 98519 74759 52028 85999 91369 5595 
9587 17
24357 1564 35837 68673 37203 10874 84442 42978 56026 11040 82942 63923 52171 64121 98807 24878 70379 
1400 16
94419 40596 285 86246 99654 22733 44853 18269 44221 46545 87071 65802 38848 48534 52961 96979 
3720 15
41114 73304 85826 47043 31747 84943 11291 35343 94835 63846 32015 60814 19264 46806 39381 
3799 11
46694 10226 39530 58789 11880 19530 15463 80779 61032 15914 88472 
8012 12
34829 69609 38067 66047 20812 99959 1037 91045 45721 99488 90279 63081 
8144 15
10799 17091 3007 24789 77129 93225 74098 45055 81673 10704 34381 74731 9048 51111 1608 
8584 18
49249 3772 9770 63521 77029 89371 37997 9635 18633 4547 85753 58749 16257 4233 48621 3635 41855 9914 
5177 16
28931 63765 35665 31518 55279 40640 93683 12620 37729 97785 62448 87343 40377 39707 98745 65536 
5287 19
78017 6389 61540 25386 74627 74984 7137 70320 3028 69034 84768 10141 3206 27536 80276 45300 85930 28737 25182 
811 17
68738 11148 19254 50881 84120 36628 87977 58470 32257 60123 33777 25691 43056 66814 87847 7006 94207 
5996 10
76764 73667 43453 57764 71949 41087 79553 89268 68575 82015 
1812 18
78892 54479 26813 65584 87679 87752 53322 78702 85113 66766 38890 97811 89741 40192 52135 81393 89310 90159 
2314 12
5180 10984 86670 16851 18355 27518 32330 32608 53983 33914 1553 40784 
288 19
33004 18381 34940 28482 83755 4272 9407 17089 39073 96060 13018 94165 78640 82004 70284 49386 33467 63383 16156 
8931 16
79669 51296 73278 14270 99045 48430 14462 68618 9389 85129 19568 95780 56908 5681 46470 44975 
9368 15
35333 26343 1751 73662 50940 65338 96881 52200 198 84092 31484 6710 52306 25003 67656 
5485 18
6395 44747 72241 16431 18833 28851 37989 80877 22607 62968 27780 97710 5576 9544 92665 37542 11452 85344 
693 13
70660 52967 39490 98204 84908 38587 32671 66038 66704 24973 77061 18233 79029 
6481 16
93625 27942 37282 46836 25419 27742 72894 5972 95828 44018 62572 46228 97550 38835 14720 63549 
7493 16
90439 7072 78279 2100 50461 48977 93534 85796 52915 85267 90060 87541 99864 79072 26660 83598 
8283 16
13885 75951 93624 778 77395 91275 93762 29584 96375 94482 81890 52552 69572 34666 75797 21288 
9927 12
79254 75180 87095 6495 6861 30544 25242 79480 74206 62499 62049 15046 
1886 13
16148 76267 19375 77196 56011 27423 24943 18501 99025 69917 90527 32430 23337 
7078 18
65959 64525 61642 13571 37913 94088 43578 74044 73397 51012 26141 2187 29359 64421 83541 18627 33797 6535 
1340 17
18235 42587 9369 56105 46563 11220 7227 2239 83278 7179 66307 29399 26338 79385 2184 48422 30989 
4039 19
77248 39058 89584 66948 82057 86572 47653 93849 87521 48894 93823 35788 23246 49395 90115 68387 72928 24090 95248 
479 13
15992 98692 4191 95716 9176 77731 70053 95650 90023 13011 15780 31568 65438 
1448 13
52876 61385 45990 88507 92889 88725 46160 97191 14370 95566 91418 53233 89811 
1777 13
90073 45486 43822 89216 93435 12267 77184 12658 45429 65113 96529 13881 18594 
2075 19
38228 4859 39111 69430 99139 87118 41424 50393 86288 70852 39879 18122 18433 1448 92693 68423 84055 49072 24782 
2509 10
99990 16645 63796 17423 72907 2006 42915 15991 44888 14228 
5134 12
62796 10421 97582 79664 98153 6727 68890 73307 78271 97031 93992 91032 
1485 19
55995 87854 9283 33775 56084 22952 20796 76026 18868 74662 1268 68523 68201 47028 91393 17274 63188 45290 50290 
2944 14
1994 91058 24911 95759 30611 94190 69314 30132 60093 49060 7074 41843 92961 87254 
7872 11
97077 48325 96363 90268 62034 64197 70884 21808 89719 73148 92097 
3785 18
74589 16133 78712 10155 35220 92936 83734 31957 87922 50592 57074 22833 59935 66502 56971 45841 40279 88880 
5095 15
54888 74182 49580 23429 57603 34202 72588 35743 35594 73565 9341 2442 10740 42635 17113 
5350 13
29081 47596 69286 23518 69666 92850 56801 74974 38005 18898 29509 94398 61322 
3842 10
12400 77934 74548 17500 78320 8859 56888 27533 59453 10751 
8330 13
86200 91846 59117 45963 58250 27438 35551 55804 63306 30160 17885 80067 35579 
2059 16
47372 40793 45516 91790 51998 18467 49707 98873 49489 2387 68205 76665 65889 7672 96948 73277 
599 19
87928 87674 77534 25834 20019 23800 91700 95277 78333 70241 2772 89722 11155 12746 86730 56373 84613 77874 65840 
8306 11
76513 21177 79621 45966 14248 50367 87257 34712 71730 81227 92108 
4398 16
68863 81038 37258 58223 29501 1839 72267 59341 65777 6175 79383 75088 92429 59630 91995 29918 
9027 14
16771 65327 58873 87363 32154 7881 7339 66363 33279 672 65839 57018 80014 30917 
8793 12
56029 84170 64717 58865 52159 20512 40743 14752 80599 73535 67518 81521 
3294 19
95868 95669 92871 53751 1013 35009 32059 1 57579 6154 17387 27329 3881 63666 1874 89124 79092 67760 99181 
5159 16
21122 60365 35207 68138 18426 96577 44456 40507 53252 28051 91427 33771 72289 66428 189 48536 
5950 16
14756 39675 3008 84196 64882 78148 2055 13810 79797 1357 8827 91878 85222 30523 42850 25452 
8316 9
16936 88459 35067 50564 15930 90133 71145 57841 47223 
8163 15
19965 18902 73095 69466 10571 71341 19280 63745 9989 50293 41012 86247 22163 49708 28098 
8188 9
73944 6532 54606 19658 32584 94045 91685 66294 31587 
3616 16
37257 62922 43823 21327 20764 73492 19065 63529 98656 8386 64419 74985 24798 6260 4476 24409 
3817 18
554 99407 97393 88456 24180 99112 23889 76056 59532 1970 35154 88142 12370 20117 84939 37798 27449 84587 
8606 14
86372 97013 8163 62608 34083 2235 3733 27312 4646 23292 45505 7285 4860 35088 
8984 18
57582 17908 55067 91919 95310 9453 4737 48797 69578 52831 27151 7517 69829 29022 74661 63146 32331 97532 
3423 15
84195 75475 4815 25385 26412 58117 88752 27132 48157 82192 39192 39312 62122 33003 76678 
7484 19
80159 89053 13048 68859 83090 31262 94567 35042 51693 62288 33011 1233 24604 74915 33899 97413 499 6999 30428 
8952 17
13821 35415 97024 93758 15071 99396 71089 5161 56958 4424 2670 3930 37968 43254 84255 48981 17669 
7750 9
1916 69516 14407 32061 26543 69260 68750 19630 94625 
6084 17
82735 26978 34816 75328 24662 5947 29120 70603 21830 81884 81346 69840 40142 91466 41715 80020 49700 
9489 14
56940 29598 88497 4490 1669 92402 45883 91694 30649 19784 38547 69838 18137 45503 
1023 15
30515 43370 99039 55186 83452 61112 89160 97587 27354 97098 85591 10828 94739 51587 9084 
3854 18
34562 27739 28622 28893 32246 92790 20817 94929 76913 23882 84046 80787 23466 36681 6534 55034 69562 2245 
1348 16
81953 55706 9142 73329 90943 56091 10838 65834 41574 27379 6111 58518 39422 13098 53262 19371 
1475 10
27977 75612 99146 65092 73586 86472 90447 44559 72781 4597 
7491 16
69142 8221 43424 6316 39338 25513 75423 70505 89044 67568 21049 29611 14389 24104 60681 32661 
6617 10
20953 23323 30610 31755 84460 64879 57021 96926 61247 12449 
685 13
968 53602 13632 48225 32961 43709 79216 99985 28831 70139 81394 8666 44547 
1577 14
96938 79499 16239 65549 70797 59831 29703 93294 64967 28250 53766 99905 22628 52934 
2752 14
87812 35519 14001 7666 17011 9004 48863 72096 1151 17569 22563 60704 42004 30093 
5830 18
19095 88894 48468 72095 66499 69900 6634 24291 31295 78890 66515 38494 72903 72476 13259 23539 78489 60649 
9312 16
20782 21840 70382 88418 17594 72320 95765 41740 93431 77836 59080 96352 76324 5353 34322 88158 
1425 11
61665 71125 74693 44715 82434 55771 24556 90989 74273 41816 68541 
2086 9
21483 10909 10082 50175 69080 22534 8855 64126 71240 
7578 14
42954 88406 13067 56738 69773 3886 34144 24306 26580 83688 98658 68430 92467 29526 
9404 10
99267 61003 79211 39069 7255 35453 91156 11865 95816 7960 
69 12
52387 61912 11810 5808 92147 65739 24952 86023 84681 51531 68154 61389 
1733 14
41098 39750 76657 15373 66155 30294 1422 41513 40965 5480 25590 30673 14942 35397 
7977 18
57517 85101 18676 16514 13108 8182 81155 58806 60431 52968 22995 95919 9618 8250 63465 98237 1113 73858 
9512 11
73294 50951 14518 62951 1174 59330 67980 80960 26923 82196 11135 
4339 15
39502 5919 14388 72308 790 85891 26007 92128 61726 66414 95435 82413 93219 21674 17429 
9649 17
78662 63966 15674 57152 67332 48809 63443 95733 85401 36034 13009 86594 67071 99922 62142 16467 1461 
320 10
338 41305 76245 17918 12364 38859 49966 39993 2459 33873 
5263 17
90365 27573 78398 32725 63602 37405 41725 805 21385 36344 83457 35600 38744 64389 15260 34601 73291 
6485 15
67371 11608 81129 86061 67793 85135 32274 99457 26082 49367 97158 11652 11795 21521 76283 
9350 16
74829 13875 6068 43367 71689 71105 97322 53856 73293 35891 85579 12312 73452 86116 21805 52026 
3557 20
78521 73815 63197 48606 82178 88257 74924 74202 49773 13712 29299 1414 72189 68202 67424 91890 46084 92543 10628 32255 
5707 17
10591 49598 69918 52522 1421 29307 88993 24447 45800 82908 46879 76052 64178 85162 94206 55450 77110 
4138 17
6958 59332 67693 37046 96595 34073 45495 41421 16048 97831 55497 68663 74424 17444 45568 92204 7028 
4368 14
10937 91125 41697 11897 93863 34417 72114 53191 39257 1100 23011 11473 89210 18385 
8696 18
65791 5076 42488 66416 94634 82577 2284 78115 82092 77630 24855 38304 87902 17085 86267 44776 45104 35619 
7892 13
7769 55562 54859 90865 39242 27441 62016 28988 5875 66078 65362 3934 15072 
6187 13
33791 83824 56575 17636 62771 80336 88219 48563 58840 66181 54337 41167 39832 
7805 10
23343 46146 44397 5868 896 3157 23483 24438 11265 55605 
3234 13
82700 16414 63563 22305 33830 7000 93421 56990 83097 36246 33474 68210 23146 
7544 18
95545 50145 13364 88862 28023 31305 91142 30934 48181 38212 23574 74945 54771 19966 20078 91815 13399 67706 
3694 12
6270 51636 336 73461 35134 41072 71694 18790 25839 15275 23734 5169 
4645 12
29448 81895 4785 43472 8274 98861 35526 87740 63969 95329 14428 23371 
3200 10
68378 43848 89758 14951 66145 6176 89241 66972 50356 3801 
5319 15
93684 18375 95652 97177 75235 94940 68747 52628 79183 18521 6074 15927 87955 7701 62503 
3478 19
82528 60296 50353 27823 87468 67220 38160 87497 47361 14397 88298 56797 78047 27194 75878 84384 46573 68600 19603 
4030 8
75412 91076 40679 16822 77577 86330 82056 79414 
7179 16
41291 59713 22705 95940 47013 45570 37668 22200 38619 35544 41750 46987 68807 2258 36250 58721 
7327 15
56397 23059 69788 89861 7209 85856 72011 5377 80916 66385 91892 2444 10089 91198 97546 
8410 14
97218 14717 20924 8529 57785 19851 9937 59705 43529 41204 14333 8778 36434 7464 
9015 10
2418 36197 45243 63427 70325 78349 26323 31344 85544 62875 
4750 19
71773 88763 5762 89323 33987 68822 36626 37214 20032 12153 38488 59189 37091 65542 27589 96351 83605 58125 54443 
8374 13
34899 42072 52819 25927 14795 40208 78921 65749 3224 81036 61291 23392 34529 
3918 9
98151 22084 51013 32416 26770 95072 76712 74258 19452 
3993 12
43520 90129 50285 22861 4313 57768 63237 89549 21837 92861 56292 47019 
4290 14
58947 8554 44722 70889 73158 63488 26682 65365 55902 71416 15387 65978 49452 46595 
5064 15
56560 57941 14305 51920 92927 84578 55912 31266 36767 45071 76181 23729 904 1436 58186 
8809 11
60339 48815 52657 31367 29388 57328 76208 42431 96813 2082 65406 
3944 10
45395 340 20268 71849 72868 31687 64848 39648 21773 31866 
6772 12
68161 46842 95512 90050 88834 23500 62509 75938 24112 86445 19919 95671 
543 15
37868 5696 44293 4937 725 19853 79899 38004 46859 27322 31781 12440 41736 64299 58559 
1617 14
70432 47934 19774 26184 91605 29606 90550 2333 28758 3912 29324 59984 93865 77589 
6441 14
72742 25434 34475 74361 85948 9868 68267 32392 2647 5683 89384 30909 78139 69323 
2382 16
94258 15841 1950 75405 24298 77262 92748 61486 21701 48747 65970 57769 71765 6773 23143 28433 
2702 15
83349 94171 95232 42340 18923 81845 88211 63011 90684 73659 44425 13588 21781 15835 37235 
4963 18
42460 31380 44372 39937 99191 36289 67334 21360 13355 61153 21883 62023 32355 47826 28802 34875 28048 99629 
6857 14
9302 87451 98015 86539 63757 68854 62817 20089 716 70698 61611 18415 86137 15612 
700 15
24597 66592 67210 9865 39180 37842 7868 54636 63296 93756 36847 42168 59674 63109 46696 
1404 17
22565 48652 17537 19170 52701 13095 58697 89789 52913 54341 14495 34380 73773 34901 89394 51860 19702 
8862 15
48111 92624 4895 10058 61649 85213 95484 13733 95974 80888 51933 40222 22413 61951 64911 
1454 17
41375 36938 65768 94650 55137 80265 18297 44460 71134 8790 13468 64605 7276 13860 39705 74551 64907 
8220 8
71457 89452 32464 77883 84665 95225 49086 32830 
9422 11
16162 34752 2232 737 48424 95760 52134 23606 50055 41978 31735 
1776 11
2281 46608 763 96303 98114 46505 69358 50143 93077 25142 27462 
3617 10
96141 28124 40209 69277 44752 91049 84356 19089 74355 48872 
6199 16
87878 57607 68499 36955 22697 65090 29741 65281 1336 98086 96845 44224 84358 22032 13104 38996 
2153 16
10981 86236 7665 30320 80033 64509 56771 87457 94834 32598 52890 12076 24041 27909 86840 6150 
324 14
33810 49622 45972 92172 72771 10291 65373 11697 77340 66211 97225 71708 52372 65996 
1864 13
33943 43957 22717 52248 96511 54703 94551 18625 46864 35086 78112 34568 30623 
7839 19
67734 99997 25682 13704 4628 66130 33645 25222 16484 94038 26812 74508 60653 99122 33866 24635 56161 80364 53652 
2044 20
84863 63723 73699 2766 34336 90947 59429 69976 7230 79761 92294 64546 63471 25945 89068 27066 71861 69029 39554 29958 
7819 19
85469 58040 37514 1367 86604 32704 39170 53006 60221 20549 86747 21414 8183 58796 89224 42215 88097 71839 47416 
9091 19
44891 23130 93778 68454 41511 86278 35018 72506 97504 56104 73436 99967 71469 9141 27495 48431 61005 71208 93637 
5645 14
60197 39444 87799 41368 16299 62308 61405 52007 40170 90288 83988 47285 8261 68841 
7645 15
28757 38206 49720 33181 7549 91775 98631 51951 11713 74489 80297 10327 16202 5565 54916 
6392 11
23266 49392 7441 70088 91269 40893 14491 64944 88411 10183 37278 
9629 17
8705 37812 30591 1721 60819 88717 56195 50041 18160 29531 13258 51633 69054 87028 63036 33547 76914 
567 13
34923 17944 30675 97810 52586 83 48507 66657 96370 84295 79659 32849 53737 
2798 18
36023 2298 51701 3363 79291 46101 7485 96876 39151 28463 58337 24639 25320 74714 55073 5547 13972 62930 
1549 10
25013 98461 61854 5245 36648 92602 39536 78457 47431 52239 
2173 14
76018 31904 61124 22842 23658 16757 23723 93331 65624 32753 12607 33439 71167 32546 
7605 16
73826 10120 48801 38690 47949 50581 73966 21229 40651 17244 99286 88588 60271 99405 12485 11639 
3892 18
730 86775 92764 42265 87941 12462 32622 80893 53692 22403 71082 67317 98800 62900 94948 36386 99035 20053 
7914 14
21151 59744 16138 74167 46977 49133 66882 44292 96940 1456 97637 81934 74671 57089 
1309 15
58473 93894 11832 53388 33092 84598 7004 15591 56690 17684 95145 36064 88747 88895 91709 
4325 18
38781 93914 83624 87479 54428 41696 18785 19754 86736 77608 94033 33472 2868 30537 59201 81383 3528 13773 
9262 16
53215 56822 45949 61316 84435 50119 21529 59008 84968 29142 36382 49295 69915 71584 67106 58501 
4871 19
72701 17164 98377 18945 83073 50357 17652 68337 58146 55914 11543 2030 10014 42134 52743 29616 79041 12492 920 
5973 15
43325 3364 84304 52370 81988 96424 10835 10495 28654 48776 86293 64658 41758 46213 62207 
1521 10
34218 26915 16704 73574 13049 25408 67054 33311 91929 22701 
2652 16
22805 76209 31093 44178 91425 81516 63606 89908 67212 46407 15734 65701 65446 9734 48851 63502 
2079 19
22275 49369 87657 72866 58472 24382 96654 65350 60294 13037 49627 47464 9323 10174 87813 87837 18985 82091 81842 
4382 14
8777 79975 93199 71178 59916 84095 65770 69764 9088 7305 89879 61774 13227 39340 
9446 10
44986 44298 59652 31070 42423 95809 91631 39914 37991 65734 
3216 10
66583 72361 9436 79179 14944 21563 70762 74588 74598 81216 
7217 15
50363 29793 30053 90888 81395 10306 43719 96348 6572 60144 26071 52813 63234 39816 73827 
9680 10
83957 437 8745 85251 91743 59839 20874 64431 5666 54566 
2833 15
68030 34463 47090 20834 51463 31750 76175 1131 20121 79051 67056 24584 13729 80399 32558 
2976 9
38303 92701 69552 90825 96358 67248 78019 71809 57087 
5458 10
98801 76266 54394 4456 80526 29942 75330 98 22777 21729 
5870 15
23234 66016 92892 92783 32609 35000 52754 48712 67306 45822 70725 74712 66296 77553 23925 
6743 13
37829 54070 49522 7930 28607 5617 54489 63411 30014 86606 7377 32687 44681 
7153 12
53250 46366 5882 24554 38922 37856 39124 96884 56495 76464 15627 385 
481 11
78317 51600 72200 42961 97159 47808 88148 78929 29247 11342 72244 
7798 16
55289 2515 28860 52377 38966 18648 47802 77062 31926 83542 5296 33672 81008 9103 3567 44443 
7251 10
21957 46096 16907 60380 25748 49961 37157 24508 57173 31828 
1361 17
36320 77140 13303 65315 36891 67742 82665 98455 93481 37985 23315 245 49862 66725 8013 24193 2574 
3827 9
11681 89746 52946 62550 71265 5997 11649 65465 8198 
6463 9
26437 6796 62019 35200 72385 69851 12917 73533 69117 
2426 14
6297 36818 51424 15831 41980 57164 26876 32695 83455 47956 79815 29891 46011 62386 
4656 16
10071 88121 8354 26279 79388 68644 66921 65456 83099 3111 60443 44478 87210 60252 20809 55114 
6001 16
44179 68073 49955 50160 93593 79986 79879 23407 16340 51208 2465 18285 95049 9506 15542 73661 
6367 18
53725 85339 4138 46085 55688 59315 55679 4513 12701 51554 7512 41361 74113 68008 18716 95063 89772 8507 
9137 10
83213 1798 80629 28833 59899 54729 25184 83091 48929 50431 
9863 17
66438 19321 37145 44851 13687 49458 44175 4296 54906 51019 61288 87376 45952 37999 21622 92596 64221 
4802 11
17507 50832 21686 80829 59129 2330 58723 31988 29582 17950 27414 
7658 13
82620 31242 47815 25900 62112 55638 16453 6353 48988 25826 40645 20970 8891 
7738 13
16956 31464 93482 36342 50174 34577 44526 86981 14593 35019 16661 45030 70343 
2339 14
676 31604 16402 5851 73062 13989 88562 82212 93801 55998 86162 65811 69216 84827 
5725 12
31115 51450 19736 5126 80456 90469 42812 63776 93868 66137 97280 88334 
8791 15
89708 27407 67079 95022 73654 99958 40812 58323 32205 68515 91907 7772 86695 7524 77912 
1154 19
36558 10939 13341 78403 45281 28816 33249 44725 93107 22384 87964 33886 82830 68390 38244 94666 21593 4517 76263 
3877 13
15317 71269 93138 49300 73025 51413 63049 99109 99715 10917 78695 96445 56436 
4303 14
87206 44742 56952 26137 96622 15713 63926 47168 97744 29590 76647 31098 96212 67719 
6769 16
26607 42007 43023 45307 14492 17968 7510 87382 72603 23487 90677 45981 71709 32405 27316 94055 
4420 17
36931 18721 25868 42860 58833 7495 31704 64539 23583 45788 9376 34267 55571 32442 195 15948 55033 
2346 11
2355 90132 33916 75265 5214 23022 62638 38852 22001 3616 90784 
4112 17
13957 46917 68058 8967 8516 20577 72854 95395 88453 30218 67144 49884 7423 35584 65305 27645 572 
5122 18
33543 16964 4808 96714 76588 22551 48392 83777 58057 69000 81507 71373 76317 72187 87510 54389 99830 7667 
5219 15
68110 86054 4727 50308 89641 2318 27426 15058 94762 11650 90846 48243 30980 22397 22188 
6319 18
37486 43579 96290 93732 40620 65294 9203 54365 91526 98041 13496 70623 6873 20180 38847 61012 23580 97847 
4428 12
57412 78175 95048 49454 35389 18859 45696 43846 76699 116 78174 51027 
1048 15
40363 46095 36777 73942 26530 98940 2719 87605 93924 35936 80509 2777 42369 48944 51088 
1565 16
5130 72597 52008 19907 82383 91398 32549 71487 29635 96150 85015 97056 61342 94823 21345 60497 
7475 16
33495 96374 51279 44233 85665 27772 80950 24988 56617 49117 68584 30433 95673 89106 95291 69195 
5805 11
17082 42416 17515 38167 11382 89107 42579 44922 10948 60441 750 
8101 16
69837 8586 46390 87425 69595 4386 11981 9825 27883 25853 44892 19326 18975 7489 77330 85863 
2111 14
88323 60359 5996 6578 38453 10258 47961 6653 41618 43759 60105 26952 8110 29311 
8981 8
68881 89217 87611 53912 52999 15079 36381 73258 
1489 10
89091 40236 98757 6539 10960 68669 18780 96446 84676 16618 
8656 13
87807 71189 43697 53747 49330 76414 46052 81665 89793 8236 21140 31458 97978 
6000 15
11441 76075 71827 52963 62716 186 12973 19791 808 35369 59037 54620 98509 85899 56524 
6492 10
28525 15388 78408 23251 66855 49255 62025 38826 86629 47686 
8409 16
86197 59291 65606 38604 98392 38887 69191 30021 64630 10599 36205 56398 16772 19868 70955 82810 
5612 10
68163 90616 47520 96278 41331 37504 24363 92374 51672 11437 
9817 19
25197 85719 12825 14027 82066 36123 16753 91642 60663 97722 84904 52179 65590 79948 40632 19315 38749 30541 77427 
1684 14
28234 63450 94523 21551 37828 6115 30177 18239 91343 21264 89620 56050 3045 72537 
2675 11
91568 20321 38806 87522 928 27564 50380 17293 76632 82203 61797 
3564 16
45590 61102 82267 90183 83454 73121 62024 92079 50257 22124 85539 67647 5687 59508 1094 77305 
5390 17
41258 41223 32506 83944 61675 65140 5053 80485 37734 98409 76674 96555 46059 41659 91957 26973 1629 
5460 17
41157 97984 5330 21064 7083 8234 70349 22269 74362 27625 86940 37802 18760 8816 68798 80838 5789 
95 16
50831 28427 82406 13609 58970 33411 60413 56045 39472 19764 18287 12691 40182 73754 7894 8874 
4864 13
62119 57467 11336 97966 57853 99841 7390 39785 90877 13802 42500 53083 9311 
3545 19
25525 24607 5685 40498 21320 78285 13834 67367 14653 51188 11624 90854 35466 94688 96911 62319 76042 52409 70207 
3804 14
5809 11806 30348 46826 42724 40316 12317 303 10734 61761 27928 65878 52109 94626 
5926 13
59526 18542 34786 66234 87561 33209 71833 97132 86784 40395 78639 78192 35943 
4506 13
9268 88297 5368 7121 93152 48250 69560 98349 63107 32001 68459 38358 46480 
5580 17
74674 91608 34412 56542 44945 41033 94222 17645 46759 80063 17189 51678 70417 87843 40436 56641 59124 
5609 12
58467 53802 82757 10235 84210 45178 79839 76186 14111 85940 31953 62312 
1481 13
18694 80569 18457 69948 3516 23414 42698 74128 6691 2528 89739 57324 74501 
1004 11
99535 77426 40950 71759 19231 24346 62479 71234 2399 7509 87426 
2819 16
43189 43177 66875 37410 30728 11173 75810 70051 49564 84230 84131 3543 94870 73219 37738 53398 
8228 17
53566 88239 80453 701 6329 48211 71316 93087 64359 48280 85326 19384 95529 9793 36546 28481 16412 
6535 9
37635 87029 36114 47292 86490 58169 41789 90022 82449 
3347 13
24924 63417 73455 88907 58386 86885 79488 39798 73956 63909 27081 18047 67037 
5703 13
85854 12365 34491 72605 70605 67905 33563 51697 30932 31355 41624 56611 30657 
7256 15
2354 25048 12778 36733 65334 86858 5014 50095 10760 65158 8926 41554 24119 25935 33739 
8089 20
34919 31345 91715 68442 94255 76792 85408 33351 25009 6358 68676 81815 61881 80291 29833 44812 9116 54984 41762 45108 
9083 14
64502 83883 56694 59202 87954 73373 42921 43505 6584 40282 88035 61835 83084 86690 
6836 19
39964 20434 47880 63685 44567 13539 8810 11927 60963 16538 35649 34777 76334 73748 46021 43887 2475 7098 43972 
